[gd_scene load_steps=36 format=3 uid="uid://bbpdxmpt5eotj"]

[ext_resource type="PackedScene" uid="uid://8mg3nl7fxjbc" path="res://Scenes/Menus/pause_menu.tscn" id="1_6psdn"]
[ext_resource type="Script" path="res://Scripts/hypergrabHandler.gd" id="1_bban4"]
[ext_resource type="PackedScene" uid="uid://h7hbqujod4nf" path="res://Scenes/Shapes/wall.tscn" id="1_ncguc"]
[ext_resource type="Script" path="res://Scripts/LevelHandlers/4DLevHandler.gd" id="2_0h3ah"]
[ext_resource type="PackedScene" uid="uid://q6htwbr7ubm2" path="res://Scenes/Player/player.tscn" id="2_eet83"]
[ext_resource type="Script" path="res://Scripts/fpscounter.gd" id="3_d02be"]
[ext_resource type="PackedScene" uid="uid://berd28q3uhje5" path="res://Scenes/Shapes/hypershape.tscn" id="3_wm0q0"]
[ext_resource type="PackedScene" uid="uid://ckk58el0j3e80" path="res://Scenes/portal.tscn" id="4_lrgr3"]
[ext_resource type="Shader" path="res://assets/shaders/filters.gdshader" id="4_ny553"]
[ext_resource type="Script" path="res://Scripts/ColorRect.gd" id="5_ekf3d"]
[ext_resource type="PackedScene" uid="uid://cv3nboonmvkfk" path="res://Scenes/Buttons/trigger_button.tscn" id="6_dxo44"]
[ext_resource type="Texture2D" uid="uid://dnqmn846wj68l" path="res://assets/images/starSkyBox.png" id="7_a53ra"]
[ext_resource type="AudioStream" uid="uid://bdhttmdrye7f5" path="res://assets/sounds/respawn.mp3" id="8_aqu7a"]
[ext_resource type="PackedScene" uid="uid://cy4ad2oeekuk" path="res://Scenes/Buttons/text_trigger.tscn" id="9_0xlm4"]
[ext_resource type="Shader" uid="uid://45ufspo1aje5" path="res://assets/misc_res/portal_particles.tres" id="10_bye2j"]
[ext_resource type="PackedScene" uid="uid://d11iieumkt2fi" path="res://Scenes/text_box.tscn" id="10_tba4c"]
[ext_resource type="AudioStream" uid="uid://dnee58diw55ch" path="res://assets/sounds/4DLevel.mp3" id="11_8kujk"]

[sub_resource type="ShaderMaterial" id="ShaderMaterial_rid7k"]
shader = ExtResource("4_ny553")
shader_parameter/correction_mode = 0
shader_parameter/correction_intensity = 1.0

[sub_resource type="StandardMaterial3D" id="StandardMaterial3D_4pmk8"]
albedo_color = Color(0.0784314, 0.180392, 0.25098, 1)

[sub_resource type="PanoramaSkyMaterial" id="PanoramaSkyMaterial_osewm"]
panorama = ExtResource("7_a53ra")
filter = false

[sub_resource type="Sky" id="Sky_nomnm"]
sky_material = SubResource("PanoramaSkyMaterial_osewm")

[sub_resource type="Environment" id="Environment_baaxx"]
background_mode = 2
sky = SubResource("Sky_nomnm")
tonemap_mode = 2
glow_enabled = true

[sub_resource type="BoxShape3D" id="BoxShape3D_gyfse"]
size = Vector3(225.711, 93.5398, 97.4124)

[sub_resource type="BoxShape3D" id="BoxShape3D_o4agj"]
size = Vector3(29, 1, 63)

[sub_resource type="Animation" id="Animation_ayx0b"]
length = 0.001
tracks/0/type = "value"
tracks/0/imported = false
tracks/0/enabled = true
tracks/0/path = NodePath("Eye:rotation")
tracks/0/interp = 1
tracks/0/loop_wrap = true
tracks/0/keys = {
"times": PackedFloat32Array(0),
"transitions": PackedFloat32Array(1),
"update": 0,
"values": [Vector3(0, 0, 0)]
}
tracks/1/type = "value"
tracks/1/imported = false
tracks/1/enabled = true
tracks/1/path = NodePath("Eye:position")
tracks/1/interp = 1
tracks/1/loop_wrap = true
tracks/1/keys = {
"times": PackedFloat32Array(0),
"transitions": PackedFloat32Array(1),
"update": 0,
"values": [Vector3(97.683, 40.954, -0.727)]
}
tracks/2/type = "value"
tracks/2/imported = false
tracks/2/enabled = true
tracks/2/path = NodePath("movingPlatforms/wall:position")
tracks/2/interp = 1
tracks/2/loop_wrap = true
tracks/2/keys = {
"times": PackedFloat32Array(0),
"transitions": PackedFloat32Array(1),
"update": 0,
"values": [Vector3(0, 0, -16.5)]
}

[sub_resource type="Animation" id="Animation_dxeej"]
resource_name = "eyeTurn"
length = 3.0
tracks/0/type = "value"
tracks/0/imported = false
tracks/0/enabled = true
tracks/0/path = NodePath("Eye:rotation")
tracks/0/interp = 2
tracks/0/loop_wrap = true
tracks/0/keys = {
"times": PackedFloat32Array(0, 1.5, 3),
"transitions": PackedFloat32Array(0.784584, 0.63728, 1),
"update": 0,
"values": [Vector3(0, 0, 0), Vector3(0, 1.65806, 0), Vector3(0, 1.5708, 0)]
}
tracks/1/type = "value"
tracks/1/imported = false
tracks/1/enabled = true
tracks/1/path = NodePath("Eye:position")
tracks/1/interp = 1
tracks/1/loop_wrap = true
tracks/1/keys = {
"times": PackedFloat32Array(1.5, 3),
"transitions": PackedFloat32Array(-2, 1),
"update": 0,
"values": [Vector3(97.683, 40.954, -0.727), Vector3(130.923, 40.954, -0.727)]
}

[sub_resource type="Animation" id="Animation_iql4t"]
resource_name = "platformsMoving"
length = 10.0
loop_mode = 1
tracks/0/type = "value"
tracks/0/imported = false
tracks/0/enabled = true
tracks/0/path = NodePath("movingPlatforms/wall:position")
tracks/0/interp = 1
tracks/0/loop_wrap = true
tracks/0/keys = {
"times": PackedFloat32Array(0, 2.5, 5, 7.5, 10),
"transitions": PackedFloat32Array(1, 1, 1, 1, 1),
"update": 0,
"values": [Vector3(0, 0, -1.5), Vector3(0, 23, -1.5), Vector3(0, 0, -1.5), Vector3(0, -18, -1.5), Vector3(0, 0, -1.5)]
}

[sub_resource type="AnimationLibrary" id="AnimationLibrary_qmg6g"]
_data = {
"RESET": SubResource("Animation_ayx0b"),
"eyeTurn": SubResource("Animation_dxeej"),
"platformsMoving": SubResource("Animation_iql4t")
}

[sub_resource type="Animation" id="Animation_nuie6"]
length = 0.001
tracks/0/type = "value"
tracks/0/imported = false
tracks/0/enabled = true
tracks/0/path = NodePath("Control/Top:anchor_top")
tracks/0/interp = 1
tracks/0/loop_wrap = true
tracks/0/keys = {
"times": PackedFloat32Array(0),
"transitions": PackedFloat32Array(1),
"update": 0,
"values": [0.0]
}
tracks/1/type = "value"
tracks/1/imported = false
tracks/1/enabled = true
tracks/1/path = NodePath("Control/Left:anchor_top")
tracks/1/interp = 1
tracks/1/loop_wrap = true
tracks/1/keys = {
"times": PackedFloat32Array(0),
"transitions": PackedFloat32Array(1),
"update": 0,
"values": [0.5]
}
tracks/2/type = "value"
tracks/2/imported = false
tracks/2/enabled = true
tracks/2/path = NodePath("Control/Left:anchor_left")
tracks/2/interp = 1
tracks/2/loop_wrap = true
tracks/2/keys = {
"times": PackedFloat32Array(0),
"transitions": PackedFloat32Array(1),
"update": 0,
"values": [0.0]
}
tracks/3/type = "value"
tracks/3/imported = false
tracks/3/enabled = true
tracks/3/path = NodePath("Control/Bottom:anchor_left")
tracks/3/interp = 1
tracks/3/loop_wrap = true
tracks/3/keys = {
"times": PackedFloat32Array(0),
"transitions": PackedFloat32Array(1),
"update": 0,
"values": [0.5]
}
tracks/4/type = "value"
tracks/4/imported = false
tracks/4/enabled = true
tracks/4/path = NodePath("Control/Bottom:anchor_bottom")
tracks/4/interp = 1
tracks/4/loop_wrap = true
tracks/4/keys = {
"times": PackedFloat32Array(0),
"transitions": PackedFloat32Array(1),
"update": 0,
"values": [1.0]
}
tracks/5/type = "value"
tracks/5/imported = false
tracks/5/enabled = true
tracks/5/path = NodePath("Player/Head/eyes:position")
tracks/5/interp = 1
tracks/5/loop_wrap = true
tracks/5/keys = {
"times": PackedFloat32Array(0),
"transitions": PackedFloat32Array(1),
"update": 0,
"values": [Vector3(48.2414, 44.5712, -103.835)]
}
tracks/6/type = "value"
tracks/6/imported = false
tracks/6/enabled = true
tracks/6/path = NodePath("Player/Head/eyes:rotation")
tracks/6/interp = 1
tracks/6/loop_wrap = true
tracks/6/keys = {
"times": PackedFloat32Array(0),
"transitions": PackedFloat32Array(1),
"update": 0,
"values": [Vector3(-0.53058, -1.11177, -0.00698132)]
}

[sub_resource type="Animation" id="Animation_ix5xv"]
resource_name = "camera"
length = 10.3
tracks/0/type = "value"
tracks/0/imported = false
tracks/0/enabled = true
tracks/0/path = NodePath("Player/Head/eyes:position")
tracks/0/interp = 2
tracks/0/loop_wrap = true
tracks/0/keys = {
"times": PackedFloat32Array(0, 1.3, 2.6, 3.9, 5.2, 7.4, 9, 10.3),
"transitions": PackedFloat32Array(3, 0.366021, -2, 3.03143, 0.420448, 0.482968, 0.5, 1),
"update": 0,
"values": [Vector3(48.2414, 44.5712, -103.835), Vector3(16.971, 47.2348, -96.5436), Vector3(-2.85, 51.24, -91.459), Vector3(-2.85, 51.24, -81.3101), Vector3(-1.21, 20.194, -67.745), Vector3(-11.6972, 10.6685, -35.3535), Vector3(5.26656, 3.74093, -11.796), Vector3(0, 0, 0)]
}
tracks/1/type = "value"
tracks/1/imported = false
tracks/1/enabled = true
tracks/1/path = NodePath("Player/Head/eyes:rotation")
tracks/1/interp = 1
tracks/1/loop_wrap = true
tracks/1/keys = {
"times": PackedFloat32Array(0, 1.3, 2.6, 3.9, 5.2, 7.4, 9, 10.3),
"transitions": PackedFloat32Array(3, 0.366021, -2, 3.03143, 0.420448, 0.482968, 0.5, 1),
"update": 0,
"values": [Vector3(-0.53058, -1.11177, -0.00698132), Vector3(-0.53058, -0.755605, -0.00698133), Vector3(-0.53058, -0.581195, -0.00698132), Vector3(-0.53058, 0.0122173, -0.00698132), Vector3(0.275762, 0.0122173, -0.00698132), Vector3(0.0534548, -0.677343, 0.179123), Vector3(0.18484, 0.302021, 0.391272), Vector3(0, 0, 0)]
}

[sub_resource type="Animation" id="Animation_usvxl"]
resource_name = "transition"
length = 1.5
tracks/0/type = "value"
tracks/0/imported = false
tracks/0/enabled = true
tracks/0/path = NodePath("Control/Top:anchor_top")
tracks/0/interp = 1
tracks/0/loop_wrap = true
tracks/0/keys = {
"times": PackedFloat32Array(0, 0.5),
"transitions": PackedFloat32Array(3.5, 1),
"update": 0,
"values": [0.0, 1.0]
}
tracks/1/type = "value"
tracks/1/imported = false
tracks/1/enabled = true
tracks/1/path = NodePath("Control/Left:anchor_top")
tracks/1/interp = 1
tracks/1/loop_wrap = true
tracks/1/keys = {
"times": PackedFloat32Array(0.5),
"transitions": PackedFloat32Array(1),
"update": 0,
"values": [0.5]
}
tracks/2/type = "value"
tracks/2/imported = false
tracks/2/enabled = true
tracks/2/path = NodePath("Control/Left:anchor_left")
tracks/2/interp = 1
tracks/2/loop_wrap = true
tracks/2/keys = {
"times": PackedFloat32Array(0.5, 1),
"transitions": PackedFloat32Array(3.5, 1),
"update": 0,
"values": [0.0, 1.0]
}
tracks/3/type = "value"
tracks/3/imported = false
tracks/3/enabled = true
tracks/3/path = NodePath("Control/Bottom:anchor_left")
tracks/3/interp = 1
tracks/3/loop_wrap = true
tracks/3/keys = {
"times": PackedFloat32Array(1),
"transitions": PackedFloat32Array(1),
"update": 0,
"values": [0.5]
}
tracks/4/type = "value"
tracks/4/imported = false
tracks/4/enabled = true
tracks/4/path = NodePath("Control/Bottom:anchor_bottom")
tracks/4/interp = 1
tracks/4/loop_wrap = true
tracks/4/keys = {
"times": PackedFloat32Array(1, 1.5),
"transitions": PackedFloat32Array(3.5, 1),
"update": 0,
"values": [1.0, 0.0]
}

[sub_resource type="AnimationLibrary" id="AnimationLibrary_qjj31"]
_data = {
"RESET": SubResource("Animation_nuie6"),
"camera": SubResource("Animation_ix5xv"),
"transition": SubResource("Animation_usvxl")
}

[sub_resource type="ShaderMaterial" id="ShaderMaterial_5sptk"]
render_priority = 0
shader = ExtResource("10_bye2j")

[sub_resource type="QuadMesh" id="QuadMesh_qoxgv"]
lightmap_size_hint = Vector2i(3, 6)
size = Vector2(0.29, 0.81)

[sub_resource type="BoxShape3D" id="BoxShape3D_lijdg"]
size = Vector3(1, 5, 7)

[node name="Control" type="SubViewportContainer"]
anchors_preset = 15
anchor_right = 1.0
anchor_bottom = 1.0
grow_horizontal = 2
grow_vertical = 2
stretch = true

[node name="CanvasLayer" type="CanvasLayer" parent="."]
follow_viewport_enabled = true

[node name="PauseMenu" parent="CanvasLayer" instance=ExtResource("1_6psdn")]
mouse_filter = 2

[node name="SubViewport" type="SubViewport" parent="."]
handle_input_locally = false
size = Vector2i(500, 500)
render_target_update_mode = 4
script = ExtResource("1_bban4")

[node name="World" type="Node3D" parent="SubViewport"]
script = ExtResource("2_0h3ah")

[node name="ColorRect" type="ColorRect" parent="SubViewport/World"]
z_index = 1
material = SubResource("ShaderMaterial_rid7k")
anchors_preset = 15
anchor_right = 1.0
anchor_bottom = 1.0
grow_horizontal = 2
grow_vertical = 2
mouse_filter = 2
script = ExtResource("5_ekf3d")

[node name="Eye" type="Node3D" parent="SubViewport/World"]
transform = Transform3D(1, 0, 0, 0, 1, 0, 0, 0, 1, 97.683, 40.954, -0.727)

[node name="plat6" parent="SubViewport/World/Eye" instance=ExtResource("1_ncguc")]
transform = Transform3D(0.999994, 0.00221652, 0.00251327, -0.00221651, 0.999998, -5.57097e-06, -0.00251327, 2.54636e-10, 0.999997, 0.521942, -0.0982094, -28.0491)
rotation_edit_mode = 0
size = Vector3(7.52421, 0.611319, 14.1737)

[node name="plat7" parent="SubViewport/World/Eye" instance=ExtResource("1_ncguc")]
transform = Transform3D(0.999995, 0.00189189, 0.00276603, -0.00221663, 0.99246, 0.122556, -0.00251331, -0.122562, 0.992458, 0.551003, 0.422131, -16.9508)
rotation_edit_mode = 0
size = Vector3(7.52421, 0.611319, 8.62904)

[node name="plat8" parent="SubViewport/World/Eye" instance=ExtResource("1_ncguc")]
transform = Transform3D(0.999994, 0.00086173, 0.00323831, -0.00221642, 0.89488, 0.446301, -0.00251331, -0.446306, 0.894877, 0.576965, 2.97087, -8.87112)
rotation_edit_mode = 0
size = Vector3(7.52421, 0.611319, 9.65424)

[node name="plat9" parent="SubViewport/World/Eye" instance=ExtResource("1_ncguc")]
transform = Transform3D(0.999994, -0.00069883, 0.00327732, -0.0022164, 0.595597, 0.80328, -0.00251332, -0.803283, 0.595592, 0.661362, 4.01191, 23.7912)
rotation_edit_mode = 0
size = Vector3(7.52421, 0.611319, 15.6348)

[node name="plat10" parent="SubViewport/World/Eye" instance=ExtResource("1_ncguc")]
transform = Transform3D(0.999994, -0.000698714, 0.00327736, -0.0022165, 0.595597, 0.80328, -0.00251325, -0.803283, 0.595592, 0.676399, -0.380581, 33.6356)
rotation_edit_mode = 0
size = Vector3(7.52421, 0.611319, 15.6348)

[node name="plat11" parent="SubViewport/World/Eye" instance=ExtResource("1_ncguc")]
transform = Transform3D(0.999994, -0.000698714, 0.00327736, -0.0022165, 0.595597, 0.80328, -0.00251325, -0.803283, 0.595592, 0.689919, -5.7202, 43.7338)
rotation_edit_mode = 0
size = Vector3(7.52421, 0.611319, 15.6348)

[node name="plat12" parent="SubViewport/World/Eye" instance=ExtResource("1_ncguc")]
transform = Transform3D(0.999994, 0.00086173, 0.00323831, -0.00221642, 0.89488, 0.446301, -0.00251331, -0.446306, 0.894877, 0.61068, -1.36337, 8.36118)
rotation_edit_mode = 0
size = Vector3(7.52421, 0.611319, 8.44096)

[node name="plat13" parent="SubViewport/World/Eye" instance=ExtResource("1_ncguc")]
transform = Transform3D(-0.999995, -0.00310499, 0.00126013, 0.00221649, -0.894929, -0.446202, 0.00251319, -0.446197, 0.894931, 0.537422, -1.38191, -8.53172)
rotation_edit_mode = 0
size = Vector3(7.52421, 0.611319, 8.47995)

[node name="plat14" parent="SubViewport/World/Eye" instance=ExtResource("1_ncguc")]
transform = Transform3D(-0.999995, -0.00310499, 0.00126013, 0.00221649, -0.894929, -0.446202, 0.00251319, -0.446197, 0.894931, 0.60968, -3.56246, 22.1452)
rotation_edit_mode = 0
size = Vector3(7.52421, 0.611319, 38.6839)

[node name="plat15" parent="SubViewport/World/Eye" instance=ExtResource("1_ncguc")]
transform = Transform3D(0.999994, 0.00221651, 0.00251325, -0.0022165, 0.999997, -5.57065e-06, -0.00251326, -5.31538e-12, 0.999996, 0.70005, 0.429424, 54.9832)
rotation_edit_mode = 0
size = Vector3(7.52421, 0.611319, 13.6977)

[node name="plat16" parent="SubViewport/World/Eye" instance=ExtResource("1_ncguc")]
transform = Transform3D(0.999994, 0.00221652, 0.00251327, -0.00221651, 0.999998, -5.57097e-06, -0.00251327, 2.54636e-10, 0.999997, 0.604187, 5.03849, 0.140479)
rotation_edit_mode = 0
size = Vector3(7.52421, 0.611319, 9.65424)

[node name="plat17" parent="SubViewport/World/Eye" instance=ExtResource("1_ncguc")]
transform = Transform3D(0.999994, 0.00221652, 0.00251327, -0.00221651, 0.999998, -5.57097e-06, -0.00251327, 2.54636e-10, 0.999997, 0.58532, -3.22733, -0.0820341)
rotation_edit_mode = 0
size = Vector3(7.52421, 0.611319, 9.65424)

[node name="Hypershape5" parent="SubViewport/World/Eye" instance=ExtResource("3_wm0q0")]
transform = Transform3D(0.805928, -0.592013, 0, 0.592013, 0.805928, 0, 0, 0, 1, -0.0984359, 0.0850506, -0.0300856)
base_color = Vector3(1.28, 0, 0.3)
dimensions = Vector4(1, 2.43, 1, 50)
shapeType = 1

[node name="Hypershape6" parent="SubViewport/World/Eye" instance=ExtResource("3_wm0q0")]
transform = Transform3D(0.929587, 0.346414, 0.12596, -0.159246, 0.069242, 0.984808, 0.33243, -0.935523, 0.119531, 0.215363, -4.247, 27.8773)
base_color = Vector3(1.35, 1.135, -0.34)
dimensions = Vector4(1.09, 1.72, 0.155, 1)
shapeType = 1
hyperInfo = Vector4(0.185, 0.94, 1.465, 0)

[node name="Hypershape8" parent="SubViewport/World/Eye" instance=ExtResource("3_wm0q0")]
transform = Transform3D(1, 0, 0, 0, 1, 0, 0, 0, 1, 0.761887, -9.49, 38.5889)
base_color = Vector3(0.705, 1.855, 0.825)
dimensions = Vector4(1.59, 0.255, 1.555, 10.155)
shapeType = 1
hyperInfo = Vector4(0.075, -1.74, 0.155, 0)

[node name="Hypershape7" parent="SubViewport/World/Eye" instance=ExtResource("3_wm0q0")]
transform = Transform3D(1, 0, 0, 0, 1, 0, 0, 0, 1, 1.01434, 1.01482, 17.6392)
base_color = Vector3(1.405, 0.26, 0.3)
dimensions = Vector4(2.2, 0.125, 1, 1)
shapeType = 1
hyperInfo = Vector4(0.105, 1.81, -0.23, 0)

[node name="Portal" parent="SubViewport/World/Eye" instance=ExtResource("4_lrgr3")]
transform = Transform3D(1, 0, 0, 0, 1, 0, 0, 0, 1, 0.654465, 0.838371, 55.6183)

[node name="Platforms" type="Node3D" parent="SubViewport/World"]

[node name="plat" parent="SubViewport/World/Platforms" instance=ExtResource("1_ncguc")]
transform = Transform3D(1, 0, 0, 0, 1, 0, 0, 0, 1, -10.3094, -0.0964966, 0)
material_override = SubResource("StandardMaterial3D_4pmk8")
size = Vector3(5.831, 0.433, 20)

[node name="plat2" parent="SubViewport/World/Platforms" instance=ExtResource("1_ncguc")]
transform = Transform3D(0.797097, -0.0213878, 0.603472, 0.0268225, 0.99964, 0, -0.603255, 0.0161866, 0.797384, 17.8747, -1.2241, -1.3744)
material_override = SubResource("StandardMaterial3D_4pmk8")
size = Vector3(5.831, 0.433, 4.90723)

[node name="TextTrigger" parent="SubViewport/World/Platforms/plat2" node_paths=PackedStringArray("target") instance=ExtResource("9_0xlm4")]
dimensions = Vector3(5, 5, 5)
target = NodePath("../../../../../TextBox")
message = "Bah... Igual, no hay modo de que descubra la hipermano..."
change_scene_state = true

[node name="plat3" parent="SubViewport/World/Platforms" instance=ExtResource("1_ncguc")]
transform = Transform3D(0.513361, -0.140892, -0.846528, 0.264664, 0.964341, 0, 0.816341, -0.224046, 0.532344, 36.832, 5.2382, -0.246726)
material_override = SubResource("StandardMaterial3D_4pmk8")
size = Vector3(17.9985, 0.433, 4.90723)

[node name="plat4" parent="SubViewport/World/Platforms" instance=ExtResource("1_ncguc")]
transform = Transform3D(0.895887, 0.442444, -0.0403759, 0.442805, -0.896618, 4.12347e-09, -0.0362018, -0.0178787, -0.999185, 55.7534, 14.1186, -0.204447)
material_override = SubResource("StandardMaterial3D_4pmk8")
size = Vector3(5.7651, 0.433, 4.90723)

[node name="plat5" parent="SubViewport/World/Platforms" instance=ExtResource("1_ncguc")]
transform = Transform3D(-0.999185, 0, -0.0403759, 0, 1, 0, 0.0403759, 0, -0.999185, 67.522, 15.7346, -0.680006)
rotation_edit_mode = 0
material_override = SubResource("StandardMaterial3D_4pmk8")
size = Vector3(17.1823, 0.425633, 17.917)

[node name="Shapes" type="Node3D" parent="SubViewport/World"]
transform = Transform3D(1, 0, 0, 0, 1, 0, 0, 0, 1, 0, 5.10573, 0)

[node name="H1" parent="SubViewport/World/Shapes" instance=ExtResource("3_wm0q0")]
transform = Transform3D(-0.863025, 0.479946, -0.157604, 0.20817, 0.622156, 0.75471, 0.460274, 0.618525, -0.636847, 25.975, -3.643, -0.835)
base_color = Vector3(1.64, 0.355, 0.525)
dimensions = Vector4(0.27, 5.02, 1.52, 1)
shapeType = 1
hyperInfo = Vector4(-6.015, 1.545, -0.145, 0)

[node name="H2" parent="SubViewport/World/Shapes" instance=ExtResource("3_wm0q0")]
transform = Transform3D(0.85264, 0, 0.522499, 0, 1, 0, -0.522499, 0, 0.85264, 3.61006, -26.6227, -0.652996)
axis_lock_angular_x = true
axis_lock_angular_y = true
axis_lock_angular_z = true
gravity_scale = 0.0
base_color = Vector3(1.31, 1.365, 0.17)
dimensions = Vector4(1, 20, 1, 1)
shapeType = 1
hyperInfo = Vector4(0.381, 0.081, 0.172, 0)
translate = false
transformable = false

[node name="H3" parent="SubViewport/World/Shapes" instance=ExtResource("3_wm0q0")]
transform = Transform3D(1, 0, 0, 0, 1, 0, 0, 0, 1, -4.48215, -26.6227, 4.13937)
axis_lock_angular_x = true
axis_lock_angular_y = true
axis_lock_angular_z = true
gravity_scale = 0.0
base_color = Vector3(-0.035, 1.105, 0.395)
dimensions = Vector4(1, 20, 1, 1)
shapeType = 1
hyperInfo = Vector4(0.227, 0.109, 0.665, 0)
translate = false
transformable = false

[node name="H4" parent="SubViewport/World/Shapes" instance=ExtResource("3_wm0q0")]
transform = Transform3D(1, 0, 0, 0, 1, 0, 0, 0, 1, 11.3857, -26.4964, 7.14087)
axis_lock_angular_x = true
axis_lock_angular_y = true
axis_lock_angular_z = true
gravity_scale = 0.0
base_color = Vector3(1.64, 0.355, 0.525)
dimensions = Vector4(1, 20, 1, 1)
shapeType = 1
hyperInfo = Vector4(0.227, 0.109, 0.665, 0)
translate = false
transformable = false

[node name="H5" parent="SubViewport/World/Shapes" instance=ExtResource("3_wm0q0")]
transform = Transform3D(0.937124, 0, -0.348997, 0, 1, 0, 0.348997, 0, 0.937124, -0.823603, -27.0616, -0.781176)
axis_lock_angular_x = true
axis_lock_angular_y = true
axis_lock_angular_z = true
gravity_scale = 0.0
base_color = Vector3(1.64, 0.735, 0.75)
dimensions = Vector4(1, 20, 1, 1)
shapeType = 1
translate = false
transformable = false

[node name="H6" parent="SubViewport/World/Shapes" instance=ExtResource("3_wm0q0")]
transform = Transform3D(0.942967, 0, 0.332885, 0, 1, 0, -0.332885, 0, 0.942967, 9.16093, -27.0616, 1.52295)
axis_lock_angular_x = true
axis_lock_angular_y = true
axis_lock_angular_z = true
gravity_scale = 0.0
base_color = Vector3(-0.675, 0.675, 1.19)
dimensions = Vector4(1, 20, 1, 1)
shapeType = 1
translate = false
transformable = false

[node name="H7" parent="SubViewport/World/Shapes" instance=ExtResource("3_wm0q0")]
transform = Transform3D(0.862937, 0, -0.505311, 0, 1, 0, 0.505311, 0, 0.862937, 16.7126, -27.0616, 4.0914)
axis_lock_angular_x = true
axis_lock_angular_y = true
axis_lock_angular_z = true
gravity_scale = 0.0
base_color = Vector3(0.095, 1.195, 0.165)
dimensions = Vector4(1, 20, 1, 1)
shapeType = 1
translate = false
transformable = false

[node name="H8" parent="SubViewport/World/Shapes" instance=ExtResource("3_wm0q0")]
transform = Transform3D(0.0985626, 0.984095, -0.147791, 0.872197, -0.156933, -0.463296, -0.47912, -0.0832394, -0.873793, 48.3486, 4.58862, 2.7131)
base_color = Vector3(0.095, 1.195, 0.165)
dimensions = Vector4(0.825, 4.035, 1, 1)
shapeType = 1
hyperInfo = Vector4(4.07, 1.79, -1.21, 0)

[node name="Player" parent="SubViewport/World" instance=ExtResource("2_eet83")]
transform = Transform3D(-4.37114e-08, 0, -1, 0, 1, 0, 1, 0, -4.37114e-08, -10.5126, 1.73609, -0.724325)
disable_mode = 2

[node name="eyes" parent="SubViewport/World/Player/Head" index="4"]
transform = Transform3D(0.439898, 0.456734, -0.77323, -0.00602144, 0.862493, 0.506034, 0.898028, -0.217947, 0.382159, 48.2414, 44.5712, -103.835)

[node name="DirectionalLight3D" type="DirectionalLight3D" parent="SubViewport/World"]
transform = Transform3D(-0.656059, -0.354315, 0.666369, 0, 0.882948, 0.469472, -0.75471, 0.308001, -0.579266, 0, 13.8738, 0)
shadow_enabled = true
shadow_bias = 0.058
shadow_normal_bias = 2.228
shadow_blur = 4.986

[node name="Triggers" type="Node3D" parent="SubViewport/World"]
transform = Transform3D(1, 0, 0, 0, 1, 0, 0, 0, 1, -7.99766, 0.130458, 3.32957)

[node name="T1" parent="SubViewport/World/Triggers" node_paths=PackedStringArray("target") instance=ExtResource("6_dxo44")]
transform = Transform3D(1, 0, 0, 0, 1, 0, 0, 0, 1, 0, 0, -8.74991)
hyperDest = Vector4(-0.381, -0.081, -0.172, 0)
target = NodePath("../../Shapes/H2")
rotationDuration = 3.0

[node name="T2" parent="SubViewport/World/Triggers" node_paths=PackedStringArray("target") instance=ExtResource("6_dxo44")]
transform = Transform3D(1, 0, 0, 0, 1, 0, 0, 0, 1, 0, 0, -4)
hyperDest = Vector4(-0.227, -0.109, -0.665, 0)
target = NodePath("../../Shapes/H3")
rotationDuration = 3.0

[node name="T3" parent="SubViewport/World/Triggers" node_paths=PackedStringArray("target") instance=ExtResource("6_dxo44")]
transform = Transform3D(1, 0, 0, 0, 1, 0, 0, 0, 1, 0, 0, 1.76983)
hyperDest = Vector4(-0.227, -0.109, -0.665, 0)
target = NodePath("../../Shapes/H4")
rotationDuration = 3.0

[node name="Enviroment" type="Node3D" parent="SubViewport/World"]
visible = false

[node name="WorldEnvironment" type="WorldEnvironment" parent="SubViewport/World/Enviroment"]
environment = SubResource("Environment_baaxx")

[node name="DirectionalLight3D" type="DirectionalLight3D" parent="SubViewport/World/Enviroment"]
transform = Transform3D(1, 0, 0, 0, -4.37114e-08, 1, 0, -1, -4.37114e-08, 0, 10, 0)
visible = false
shadow_enabled = true

[node name="Area3D" type="Area3D" parent="SubViewport/World"]

[node name="CollisionShape3D" type="CollisionShape3D" parent="SubViewport/World/Area3D"]
transform = Transform3D(1, 0, 0, 0, 1, 0, 0, 0, 1, 88.1438, 17.1305, 1.11394)
shape = SubResource("BoxShape3D_gyfse")

[node name="AudioStreamPlayer" type="AudioStreamPlayer" parent="SubViewport/World/Area3D"]
stream = ExtResource("8_aqu7a")
volume_db = 11.064

[node name="movingPlatforms" type="Node3D" parent="SubViewport/World"]
transform = Transform3D(1, 0, 0, 0, 1, 0, 0, 0, 1, 87, 22, 1)

[node name="wall" parent="SubViewport/World/movingPlatforms" instance=ExtResource("1_ncguc")]
transform = Transform3D(1, 0, 0, 0, 1, 0, 0, 0, 1, 0, 0, -16.5)
rotation_edit_mode = 0
size = Vector3(10, 1, 10)

[node name="TriggerAnim" type="Area3D" parent="SubViewport/World/movingPlatforms"]
transform = Transform3D(1, 0, 0, 0, 1, 0, 0, 0, 1, 0, -6.34229, 0)
collision_layer = 0
collision_mask = 4

[node name="CollisionShape3D" type="CollisionShape3D" parent="SubViewport/World/movingPlatforms/TriggerAnim"]
transform = Transform3D(1, 0, 0, 0, 1, 0, 0, 0, 1, -2, 2.40187, 1)
shape = SubResource("BoxShape3D_o4agj")

[node name="anim" type="AnimationPlayer" parent="SubViewport/World"]
libraries = {
"": SubResource("AnimationLibrary_qmg6g")
}

[node name="anim2" type="AnimationPlayer" parent="SubViewport/World"]
libraries = {
"": SubResource("AnimationLibrary_qmg6g")
}

[node name="Control" type="Control" parent="SubViewport/World"]
layout_mode = 3
anchors_preset = 15
anchor_right = 1.0
anchor_bottom = 1.0
grow_horizontal = 2
grow_vertical = 2

[node name="AnimationPlayer" type="AnimationPlayer" parent="SubViewport/World/Control"]
root_node = NodePath("../..")
libraries = {
"": SubResource("AnimationLibrary_qjj31")
}

[node name="Top" type="ColorRect" parent="SubViewport/World/Control"]
z_index = 2
layout_mode = 1
anchors_preset = -1
anchor_right = 1.0
anchor_bottom = 1.0
grow_horizontal = 2
color = Color(0, 0, 0, 1)

[node name="Left" type="ColorRect" parent="SubViewport/World/Control"]
z_index = 2
layout_mode = 1
anchors_preset = -1
anchor_top = 0.5
anchor_right = 1.0
anchor_bottom = 1.0
grow_horizontal = 2
grow_vertical = 0
color = Color(0, 0, 0, 1)

[node name="Bottom" type="ColorRect" parent="SubViewport/World/Control"]
z_index = 2
layout_mode = 1
anchors_preset = -1
anchor_left = 0.5
anchor_right = 1.0
anchor_bottom = 1.0
grow_horizontal = 0
grow_vertical = 2
color = Color(0, 0, 0, 1)

[node name="Timer" type="Timer" parent="SubViewport/World"]
one_shot = true

[node name="Stars" type="Node3D" parent="SubViewport/World"]

[node name="GPUParticles3D" type="CPUParticles3D" parent="SubViewport/World/Stars"]
transform = Transform3D(35.35, 0, 0, 0, 35.35, 0, 0, 0, 35.35, 85.5148, -5.75808, 0)
material_override = SubResource("ShaderMaterial_5sptk")
amount = 150
lifetime = 3.0
randomness = 1.0
mesh = SubResource("QuadMesh_qoxgv")
emission_shape = 3
emission_box_extents = Vector3(4.11, 1.54, 3.74)
gravity = Vector3(0, 9.8, 0)

[node name="exp" type="Area3D" parent="SubViewport/World"]
transform = Transform3D(1, 0, 0, 0, 1, 0, 0, 0, 1, 15, 0, 0)

[node name="CollisionShape3D" type="CollisionShape3D" parent="SubViewport/World/exp"]
transform = Transform3D(1, 0, 0, 0, 1, 0, 0, 0, 1, 0, 1, -1)
shape = SubResource("BoxShape3D_lijdg")

[node name="AudioStreamPlayer" type="AudioStreamPlayer" parent="SubViewport"]
stream = ExtResource("11_8kujk")
volume_db = -15.407

[node name="fps" type="Label" parent="."]
layout_mode = 2
script = ExtResource("3_d02be")

[node name="TextBox" parent="." instance=ExtResource("10_tba4c")]
layout_mode = 2

[connection signal="body_exited" from="SubViewport/World/Area3D" to="SubViewport/World" method="_on_area_3d_body_exited"]
[connection signal="body_entered" from="SubViewport/World/movingPlatforms/TriggerAnim" to="SubViewport/World" method="_on_trigger_anim_body_entered"]
[connection signal="timeout" from="SubViewport/World/Timer" to="SubViewport/World" method="_on_timer_timeout"]
[connection signal="body_entered" from="SubViewport/World/exp" to="SubViewport/World" method="_on_exp_body_entered"]
[connection signal="finished" from="SubViewport/AudioStreamPlayer" to="SubViewport/World" method="_on_audio_stream_player_finished"]

[editable path="SubViewport/World/Player"]
